0 0.0192406 0.558562 0.0384811 0.186799 0.439575
0 0.955757 0.614929 0.088374 0.304422 0.754576
0 0.891196 0.0897135 0.0502384 0.146507 0.51169
0 0.904243 0.782439 0.0440381 0.136777 0.406639
0 0.145064 0.591688 0.0873102 0.307757 0.305624
0 0.833063 0.0930195 0.0887864 0.181433 0.694785
0 0.652622 0.794665 0.157325 0.201589 0.649151
0 0.967716 0.674884 0.0634859 0.241971 0.496741
0 0.924841 0.521808 0.0402893 0.122102 0.349163
0 0.293503 0.911903 0.0781842 0.0931488 0.368366
0 0.270706 0.43847 0.0631227 0.114321 0.491304
0 0.814222 0.170084 0.0817825 0.251844 0.855074
0 0.547037 0.945319 0.0612747 0.109363 0.514008
0 0.0628196 0.597578 0.0724117 0.165436 0.784696
0 0.0605324 0.90017 0.109139 0.19966 0.365125
0 0.847366 0.426865 0.0885517 0.249346 0.436023
