0 0.455441 0.943305 0.0957611 0.113391 0.363704
0 0.300485 0.961434 0.0396724 0.0771327 0.449556
0 0.518898 0.968709 0.0580667 0.0625821 0.333337
0 0.131454 0.965731 0.0666098 0.0685381 0.301762
0 0.912821 0.549302 0.0908875 0.126666 0.78866
0 0.685247 0.108189 0.0928113 0.143024 0.676097
0 0.154972 0.355604 0.149487 0.213565 0.650238
0 0.293258 0.693392 0.179923 0.358059 0.618665
0 0.388308 0.799632 0.119053 0.327759 0.60975
0 0.877802 0.616636 0.105746 0.327097 0.511934
0 0.572356 0.0323436 0.0924818 0.0646872 0.331938
0 0.734484 0.776955 0.0912007 0.243377 0.56687
0 0.657046 0.436915 0.10587 0.305523 0.796508
0 0.193921 0.799731 0.130608 0.253088 0.74629
0 0.111867 0.105491 0.137453 0.205577 0.739666
0 0.275633 0.452673 0.183374 0.346739 0.532682
