0 0.23534 0.725068 0.0856585 0.194613 0.653435
0 0.962991 0.0369548 0.0584877 0.0739097 0.449471
0 0.109316 0.964911 0.0626216 0.070178 0.491342
0 0.120871 0.226988 0.0810598 0.255552 0.440221
0 0.965924 0.257846 0.0648808 0.322702 0.373166
0 0.320394 0.860981 0.0703758 0.161967 0.260813
0 0.474219 0.895418 0.0653889 0.119118 0.354526
0 0.0687261 0.209104 0.101627 0.340882 0.81968
0 0.66283 0.298499 0.111732 0.306224 0.639673
0 0.017817 0.359029 0.0356339 0.140759 0.601229
0 0.330573 0.272096 0.0940487 0.189751 0.557774
0 0.532647 0.307495 0.118643 0.309994 0.547135
0 0.389183 0.0980525 0.117508 0.165289 0.806845
0 0.446014 0.937203 0.0944141 0.125594 0.413993
0 0.131275 0.974577 0.0674086 0.0508465 0.29549
0 0.497798 0.188724 0.144732 0.289958 0.777311
0 0.521715 0.307135 0.0616779 0.202521 0.265438
0 0.0352288 0.280508 0.0694771 0.19793 0.361049
