0 0.177794 0.361055 0.117203 0.180155 0.8192
0 0.175595 0.661667 0.107634 0.257033 0.307527
0 0.109181 0.866303 0.0711638 0.190454 0.810188
0 0.733497 0.0275482 0.0744808 0.0550964 0.354249
0 0.68104 0.0420059 0.0489842 0.0840118 0.508613
0 0.67154 0.0423483 0.0694315 0.0846966 0.402947
0 0.830376 0.129174 0.05058 0.107325 0.539625
0 0.283379 0.116814 0.0821987 0.233628 0.833453
0 0.614802 0.435731 0.0954944 0.279387 0.809936
0 0.303165 0.260992 0.097469 0.296306 0.809053
0 0.527481 0.78119 0.11029 0.225521 0.632872
0 0.400048 0.164814 0.0899805 0.209736 0.51372
0 0.562705 0.1205 0.0982195 0.238749 0.464231
0 0.298233 0.256837 0.0612608 0.163357 0.366868
0 0.411528 0.562822 0.0858411 0.289096 0.875968
