0 0.0763727 0.0240981 0.0762241 0.0481963 0.421897
0 0.780465 0.316672 0.151484 0.310276 0.612114
0 0.78367 0.359001 0.145632 0.215693 0.282752
0 0.12907 0.568843 0.122781 0.222717 0.551946
0 0.117556 0.786422 0.106159 0.181714 0.319917
0 0.784499 0.123903 0.0931858 0.240138 0.772289
0 0.448935 0.628936 0.0956893 0.288668 0.539484
0 0.246224 0.605091 0.103929 0.161347 0.294162
0 0.83442 0.504155 0.0819059 0.199089 0.797588
0 0.184645 0.134059 0.114509 0.237298 0.764359
0 0.1798 0.524865 0.049533 0.121193 0.816001
0 0.907872 0.521482 0.0944877 0.232985 0.820134
0 0.898896 0.926056 0.0962818 0.146748 0.713045
0 0.12101 0.584189 0.0673927 0.177184 0.580832
0 0.706107 0.132853 0.106357 0.217967 0.498495
0 0.13812 0.653527 0.0747979 0.199886 0.258284
0 0.746954 0.934288 0.0877091 0.131423 0.697564
