0 0.827944 0.939654 0.121524 0.120455 0.384744
0 0.083799 0.376181 0.0668833 0.21589 0.55921
0 0.951121 0.626167 0.0752409 0.205125 0.521372
0 0.275238 0.626642 0.0999036 0.199287 0.363331
0 0.538348 0.925479 0.106602 0.149043 0.277971
0 0.26218 0.17281 0.122904 0.328192 0.705585
0 0.851641 0.555533 0.101361 0.285082 0.660438
0 0.369307 0.0311905 0.051121 0.062381 0.607113
0 0.674291 0.0243512 0.0750071 0.0487025 0.572489
0 0.361449 0.253272 0.0937924 0.279175 0.675165
0 0.0992765 0.140923 0.101331 0.281845 0.452134
0 0.151258 0.640727 0.121482 0.235801 0.342066
