0 0.971077 0.88478 0.0571815 0.202271 0.370492
0 0.177318 0.97515 0.046285 0.0492966 0.401845
0 0.0172753 0.922212 0.0345507 0.153545 0.27424
0 0.0601038 0.958405 0.0810425 0.0831901 0.253721
0 0.591169 0.500399 0.0845723 0.218329 0.470414
0 0.270137 0.885134 0.134702 0.228844 0.434588
0 0.620867 0.764382 0.0843534 0.181007 0.821353
0 0.0474744 0.557561 0.0448648 0.117141 0.415642
0 0.126126 0.387254 0.0806769 0.166252 0.454749
0 0.270922 0.773823 0.0726139 0.133946 0.271124
0 0.336771 0.327567 0.0607956 0.161865 0.267886
0 0.6665 0.90427 0.103027 0.191459 0.749404
0 0.427474 0.436215 0.0454326 0.144016 0.659525
