0 0.586196 0.931239 0.0895679 0.137521 0.30117
0 0.421925 0.0349696 0.0753319 0.0699393 0.544478
0 0.422303 0.19669 0.111107 0.256392 0.39368
0 0.50909 0.106912 0.128275 0.207058 0.262963
0 0.344495 0.141974 0.0697265 0.168684 0.347583
0 0.638378 0.26338 0.0853039 0.282355 0.85768
0 0.86764 0.0388593 0.083532 0.0777185 0.525325
0 0.0328536 0.900269 0.0645824 0.198806 0.710282
0 0.864177 0.487015 0.109798 0.268688 0.781073
0 0.333371 0.404552 0.0316164 0.124379 0.401224
0 0.804404 0.532816 0.106767 0.240223 0.874662
0 0.677114 0.390249 0.0866945 0.253375 0.686021
0 0.553959 0.883961 0.181034 0.232078 0.356471
