0 0.39426 0.35646 0.150186 0.270129 0.376751
0 0.969983 0.192084 0.0595375 0.338435 0.294625
0 0.886583 0.839257 0.077882 0.185898 0.533234
0 0.474396 0.275812 0.0612095 0.105773 0.382207
0 0.0288685 0.313219 0.0572963 0.355922 0.582117
0 0.0468919 0.0283519 0.0743216 0.0567038 0.434069
0 0.768232 0.599642 0.0688032 0.127316 0.706513
0 0.936752 0.639786 0.0903847 0.19075 0.396378
0 0.957276 0.784595 0.0835228 0.296795 0.847951
0 0.884632 0.549435 0.120757 0.268346 0.83227
0 0.441425 0.736322 0.104246 0.272073 0.776977
0 0.724664 0.785964 0.143314 0.321309 0.741584
0 0.9812 0.472046 0.0376002 0.258703 0.348617
0 0.807257 0.227506 0.142171 0.335331 0.286681
