0 0.676507 0.815064 0.0563112 0.162516 0.336103
0 0.0698526 0.637887 0.0985605 0.300611 0.88459
0 0.250197 0.259033 0.111687 0.269347 0.878666
0 0.639814 0.426959 0.0969559 0.26191 0.875897
0 0.209542 0.659066 0.141904 0.346233 0.819411
0 0.589996 0.838525 0.107587 0.292181 0.735621
0 0.394653 0.842844 0.141237 0.214862 0.604544
0 0.359195 0.485249 0.118306 0.220992 0.569272
0 0.386253 0.586929 0.062927 0.151073 0.275275
0 0.329803 0.39336 0.0303631 0.0886471 0.344903
0 0.498159 0.911755 0.0465752 0.130967 0.420493
0 0.431061 0.856096 0.0538784 0.092477 0.348872
0 0.636493 0.028332 0.0598717 0.0566641 0.304078
0 0.624897 0.0284849 0.0850245 0.0569698 0.295776
0 0.911743 0.0565811 0.0693905 0.112265 0.371819
0 0.898895 0.937841 0.0893299 0.124318 0.481058
0 0.405042 0.519201 0.0798837 0.254249 0.40623
0 0.0590438 0.0546751 0.0825975 0.108895 0.25383
0 0.617801 0.696339 0.104476 0.170026 0.563549
