0 0.933511 0.912486 0.0883663 0.175029 0.454511
0 0.311256 0.372331 0.0809535 0.257842 0.865376
0 0.0487674 0.814105 0.0975348 0.248369 0.254441
0 0.874547 0.288731 0.0818161 0.246225 0.923241
0 0.490876 0.931861 0.139532 0.136278 0.698636
0 0.173113 0.967323 0.0501828 0.065354 0.291159
0 0.568921 0.507501 0.102348 0.29815 0.783839
0 0.224489 0.567451 0.11941 0.281841 0.781755
0 0.759358 0.705131 0.116406 0.303736 0.790034
0 0.91303 0.285972 0.127194 0.312626 0.781152
0 0.241029 0.568062 0.118852 0.353752 0.601434
0 0.737408 0.137195 0.123715 0.274389 0.575631
0 0.901551 0.638297 0.122927 0.269887 0.46844
0 0.242418 0.608125 0.0975349 0.246795 0.886865
0 0.323619 0.0733846 0.0859765 0.146769 0.303281
