0 0.863988 0.28939 0.0439283 0.139946 0.400174
0 0.442476 0.421909 0.0728983 0.186418 0.408112
0 0.297982 0.183475 0.0835042 0.198846 0.791152
0 0.729522 0.792634 0.0777621 0.199072 0.719437
0 0.792122 0.441461 0.048658 0.112227 0.446375
0 0.0959251 0.878595 0.0801654 0.19584 0.437817
0 0.0197496 0.414468 0.0394992 0.190707 0.591272
0 0.21172 0.0509128 0.0547882 0.0982444 0.262085
0 0.774381 0.0317982 0.0634077 0.0635963 0.37363
0 0.0156043 0.953494 0.0312087 0.0930128 0.389085
0 0.395126 0.0491759 0.0736341 0.0982439 0.70338
0 0.937068 0.155813 0.0461685 0.127994 0.327312
