0 0.923078 0.485724 0.101539 0.316599 0.765787
0 0.465829 0.897455 0.101725 0.205091 0.260115
0 0.888934 0.636149 0.10788 0.248848 0.624189
0 0.0578258 0.88913 0.0905802 0.22174 0.890275
0 0.202591 0.770277 0.0995279 0.25103 0.726709
0 0.121181 0.357395 0.127392 0.152325 0.399928
0 0.950761 0.644351 0.0984732 0.234876 0.6498
0 0.433726 0.364015 0.130415 0.232473 0.515077
0 0.357691 0.610836 0.103551 0.202184 0.451815
0 0.268272 0.939909 0.116544 0.120182 0.5749
0 0.0989307 0.547258 0.0858103 0.281929 0.836723
0 0.632522 0.0244232 0.0683218 0.0488463 0.306083
0 0.723957 0.884721 0.0460521 0.144423 0.292797
