0 0.323358 0.775624 0.0907895 0.323411 0.297408
0 0.342353 0.850369 0.0918261 0.18348 0.345832
0 0.352204 0.0322249 0.0727315 0.0644497 0.344473
0 0.0841625 0.0255314 0.0714138 0.0510627 0.263674
0 0.322813 0.124042 0.120541 0.246411 0.433118
0 0.210247 0.33765 0.122397 0.28143 0.375199
0 0.5526 0.203248 0.0962034 0.278255 0.850117
0 0.637323 0.654375 0.126437 0.290326 0.626874
0 0.13366 0.287314 0.111161 0.207083 0.525456
0 0.976692 0.126378 0.0456219 0.252756 0.35305
0 0.553744 0.848424 0.209885 0.303153 0.547702
0 0.256187 0.203052 0.202762 0.406104 0.413133
0 0.959319 0.059934 0.0813629 0.119868 0.409104
0 0.463842 0.698435 0.221973 0.405298 0.40357
0 0.420094 0.603162 0.208057 0.416663 0.394527
0 0.438608 0.662733 0.214281 0.441898 0.394138
0 0.485094 0.744586 0.220373 0.419842 0.390024
0 0.322694 0.322963 0.208344 0.389512 0.311259
0 0.0858734 0.364006 0.171747 0.409427 0.277241
0 0.393424 0.434658 0.102867 0.261595 0.866915
