0 0.499784 0.660634 0.104178 0.228642 0.739118
0 0.046273 0.604569 0.0925431 0.290358 0.820588
0 0.910351 0.519096 0.0443264 0.148072 0.321493
0 0.519447 0.465927 0.082011 0.204131 0.829929
0 0.942226 0.525745 0.0706932 0.170251 0.80711
0 0.540384 0.592006 0.0465133 0.151001 0.397341
0 0.357119 0.0284581 0.0617259 0.0569161 0.37411
0 0.367408 0.168994 0.0802203 0.236576 0.658134
0 0.36556 0.308734 0.0842577 0.301225 0.838307
0 0.710355 0.436881 0.139054 0.344537 0.814483
0 0.210409 0.89319 0.0981758 0.213621 0.777031
0 0.890792 0.390859 0.126901 0.322226 0.707029
0 0.0640096 0.0336022 0.0810409 0.0672043 0.627976
0 0.896085 0.0880696 0.119435 0.170575 0.532952
0 0.457917 0.236423 0.107815 0.26766 0.372883
0 0.772332 0.847883 0.0944645 0.276442 0.269276
0 0.908359 0.36819 0.0826256 0.259995 0.712978
0 0.300017 0.0618685 0.0856419 0.123737 0.406985
0 0.669759 0.766445 0.0535803 0.135118 0.62846
0 0.14191 0.679939 0.0707354 0.135737 0.335313
0 0.766087 0.733963 0.125926 0.347856 0.581913
0 0.657989 0.273149 0.0609422 0.170926 0.281109
