0 0.385554 0.339872 0.0748001 0.210976 0.532178
0 0.183589 0.239785 0.0941918 0.376976 0.358753
0 0.311333 0.774581 0.114788 0.219861 0.763407
0 0.265726 0.121765 0.0943163 0.170048 0.774829
0 0.32928 0.663177 0.138617 0.333795 0.532622
0 0.523168 0.663486 0.14949 0.362382 0.259338
0 0.743324 0.10689 0.065874 0.197457 0.3052
0 0.337145 0.297513 0.175696 0.378131 0.429855
0 0.537868 0.024937 0.0635288 0.049874 0.448199
0 0.514696 0.263566 0.0918619 0.275631 0.804453
0 0.129476 0.856163 0.102167 0.187583 0.712776
0 0.588461 0.887046 0.0975239 0.225907 0.613766
0 0.851901 0.509294 0.084582 0.257905 0.609759
0 0.0419841 0.931427 0.0824968 0.137146 0.604929
0 0.729698 0.848071 0.120731 0.296586 0.562655
0 0.0358465 0.238123 0.0703671 0.200409 0.541636
0 0.44532 0.926849 0.0824764 0.146302 0.394261
0 0.837215 0.929171 0.115805 0.141657 0.359857
0 0.357052 0.944006 0.0399026 0.0899704 0.487133
0 0.0536649 0.245219 0.0622657 0.16725 0.570526
0 0.491973 0.803084 0.123421 0.308375 0.557195
0 0.0279205 0.177963 0.0558409 0.322149 0.359349
0 0.0418962 0.673937 0.0834168 0.262553 0.303027
0 0.825052 0.603433 0.0959376 0.22856 0.717199
0 0.663347 0.505813 0.0841001 0.196117 0.714487
0 0.816085 0.0885902 0.0956402 0.17718 0.67249
