0 0.540898 0.0444122 0.104228 0.0888243 0.551877
0 0.69567 0.618455 0.217894 0.356324 0.490461
0 0.684695 0.891388 0.107492 0.208233 0.627977
0 0.90006 0.437036 0.118973 0.284475 0.265992
0 0.182922 0.45245 0.118335 0.163827 0.660815
0 0.177241 0.424971 0.10228 0.112549 0.328028
0 0.690337 0.589156 0.0724438 0.233476 0.853237
0 0.961078 0.638423 0.075177 0.221986 0.358422
0 0.650585 0.400396 0.042459 0.091882 0.268408
0 0.0356851 0.399639 0.0526014 0.144714 0.493639
0 0.531901 0.180766 0.0720468 0.197157 0.748962
