0 0.384219 0.92093 0.177519 0.15814 0.53317
0 0.91641 0.92963 0.0811768 0.14074 0.720739
0 0.322382 0.74443 0.0852457 0.204019 0.386935
0 0.193522 0.0847403 0.11707 0.169481 0.699024
0 0.402198 0.25517 0.0735878 0.109681 0.527329
0 0.402967 0.2219 0.0802833 0.205428 0.346684
0 0.0725871 0.0362158 0.0721585 0.0724315 0.257381
0 0.0476484 0.747111 0.0841727 0.252139 0.728639
0 0.0393984 0.873985 0.0780556 0.252031 0.735358
0 0.921001 0.158315 0.157998 0.316629 0.75235
0 0.698009 0.817035 0.195962 0.36593 0.439874
0 0.920656 0.111755 0.158689 0.220131 0.292501
0 0.759704 0.159754 0.0876661 0.184643 0.80448
0 0.846455 0.484936 0.0791531 0.147576 0.434001
0 0.951897 0.236828 0.0848507 0.163332 0.572343
0 0.0470929 0.0948851 0.0772187 0.186721 0.809421
0 0.14088 0.705986 0.0958219 0.109368 0.31123
0 0.108351 0.0336542 0.0535399 0.0673084 0.434585
0 0.811939 0.518488 0.0974409 0.331055 0.371661
0 0.157586 0.360547 0.0856409 0.228397 0.831219
0 0.0491259 0.837174 0.0981205 0.305695 0.679986
0 0.0455349 0.797096 0.0890626 0.210708 0.660099
0 0.540515 0.849233 0.095384 0.211067 0.619933
0 0.750805 0.511729 0.152676 0.349133 0.595545
0 0.713118 0.804767 0.0734907 0.29062 0.553458
0 0.979339 0.942125 0.0404267 0.115749 0.256964
