0 0.14248 0.6608 0.0634073 0.186161 0.447763
0 0.848405 0.834555 0.10366 0.250787 0.7885
0 0.345097 0.277607 0.0931734 0.282478 0.78402
0 0.963717 0.899332 0.0707882 0.201336 0.74923
0 0.182481 0.261166 0.124307 0.274193 0.727486
0 0.366492 0.698058 0.149111 0.341145 0.669852
0 0.230874 0.919292 0.138597 0.161417 0.628208
0 0.976527 0.893614 0.0464808 0.212773 0.350805
0 0.625939 0.374111 0.0817068 0.227324 0.814261
0 0.359513 0.901237 0.0889856 0.197525 0.288961
0 0.296059 0.0888679 0.1352 0.177736 0.381146
0 0.195405 0.409798 0.0935149 0.236874 0.905486
0 0.235045 0.966023 0.0683844 0.0679542 0.353899
0 0.104857 0.953188 0.0688788 0.0936238 0.414769
0 0.477118 0.332589 0.0459596 0.118951 0.268042
