0 0.13491 0.0247562 0.0741771 0.0495124 0.355425
0 0.707907 0.555878 0.0872867 0.21273 0.817335
0 0.289115 0.601103 0.0739633 0.232388 0.787145
0 0.401182 0.133854 0.121706 0.267707 0.309792
0 0.53159 0.329295 0.089745 0.202251 0.811589
0 0.564549 0.937688 0.0978537 0.124624 0.275867
0 0.774117 0.0421767 0.0603372 0.0843534 0.259931
0 0.550127 0.279576 0.0933608 0.157415 0.573538
0 0.0713118 0.882273 0.0600918 0.185552 0.535686
0 0.313398 0.563515 0.101791 0.321193 0.796128
0 0.17509 0.251815 0.0700358 0.19579 0.677891
0 0.938774 0.77474 0.122452 0.28788 0.824824
0 0.0584591 0.0431567 0.0770551 0.0860238 0.259718
0 0.71932 0.844141 0.0981694 0.302587 0.60828
