0 0.375477 0.0916985 0.144427 0.181064 0.774264
0 0.512176 0.892418 0.162009 0.215165 0.715494
0 0.0427486 0.410348 0.0852979 0.342394 0.402218
0 0.674873 0.474073 0.0925694 0.230439 0.848621
0 0.295784 0.389515 0.0678583 0.246039 0.330444
0 0.532568 0.772465 0.0471579 0.0737463 0.493903
0 0.718677 0.263422 0.0348246 0.10332 0.347774
0 0.892864 0.311779 0.156919 0.225799 0.409714
0 0.650219 0.916978 0.0657129 0.166044 0.324627
0 0.221866 0.952127 0.0756346 0.0957456 0.285847
0 0.716791 0.0848633 0.051717 0.150632 0.471038
0 0.909507 0.515661 0.061018 0.159356 0.518044
0 0.456899 0.937468 0.0548988 0.125065 0.372767
0 0.468574 0.33142 0.0535588 0.209057 0.403163
0 0.0427223 0.675089 0.0854446 0.354188 0.805968
0 0.521462 0.354199 0.140093 0.19956 0.310563
