0 0.271632 0.528002 0.128057 0.249738 0.866207
0 0.514277 0.429718 0.0954912 0.225585 0.79554
0 0.272346 0.278431 0.101096 0.276387 0.390456
0 0.229098 0.245952 0.0498968 0.15303 0.336719
0 0.56506 0.214334 0.0894545 0.181064 0.778807
0 0.220222 0.131832 0.119056 0.25874 0.505677
0 0.322261 0.250847 0.0712265 0.135116 0.386323
0 0.573576 0.0842581 0.0784079 0.168516 0.261524
0 0.728072 0.165724 0.0334591 0.114151 0.260089
0 0.624954 0.874637 0.0508966 0.163373 0.42211
0 0.474037 0.111589 0.131338 0.223179 0.72227
0 0.193854 0.288038 0.089261 0.210395 0.683827
0 0.171665 0.0664286 0.0866845 0.132857 0.669423
0 0.897387 0.0975764 0.0852695 0.195153 0.569739
0 0.936507 0.586492 0.126987 0.330975 0.612851
0 0.510184 0.112654 0.145202 0.225308 0.58816
0 0.506384 0.353259 0.0630285 0.180132 0.321809
0 0.482295 0.116472 0.151271 0.224888 0.583557
