0 0.333371 0.237769 0.0730691 0.155282 0.392743
0 0.688933 0.514997 0.0928252 0.314492 0.707124
0 0.921187 0.872756 0.0790455 0.245247 0.54349
0 0.711711 0.779032 0.106458 0.225806 0.716544
0 0.145198 0.100608 0.0698356 0.107012 0.419552
0 0.860309 0.258371 0.0545193 0.106425 0.298444
0 0.0493452 0.878664 0.0737576 0.242671 0.877264
0 0.145091 0.765912 0.0947105 0.222618 0.780285
0 0.492323 0.17785 0.0745893 0.222686 0.330173
0 0.960471 0.54918 0.0787854 0.325742 0.86005
0 0.704067 0.496487 0.124005 0.419803 0.753418
0 0.0387712 0.0232769 0.0775423 0.0465539 0.371535
0 0.849603 0.0460392 0.0641405 0.0918657 0.285769
0 0.829375 0.0253949 0.0813859 0.0507897 0.712168
0 0.854828 0.269944 0.133543 0.302116 0.666796
0 0.593306 0.0850448 0.121441 0.17009 0.379245
0 0.620472 0.918141 0.138855 0.163718 0.300719
0 0.750604 0.517474 0.120829 0.242148 0.258484
0 0.513718 0.252751 0.0451776 0.158559 0.619464
