0 0.818381 0.185756 0.132133 0.320383 0.876629
0 0.289532 0.370122 0.105034 0.256731 0.693603
0 0.208112 0.904053 0.119473 0.191787 0.459228
0 0.748602 0.752528 0.0616093 0.093142 0.905614
0 0.668923 0.451724 0.0499495 0.0764872 0.656921
0 0.40012 0.701252 0.047128 0.0986576 0.43008
0 0.558488 0.869559 0.0702538 0.178298 0.570229
0 0.853051 0.73658 0.0544297 0.111554 0.395551
0 0.0989374 0.440638 0.153359 0.303553 0.404161
0 0.239557 0.324418 0.046415 0.136271 0.722358
0 0.779868 0.541103 0.10512 0.275983 0.870133
0 0.890049 0.517418 0.119551 0.267089 0.804615
0 0.102819 0.274604 0.117491 0.32207 0.657575
0 0.527846 0.903962 0.106327 0.192077 0.615165
0 0.279007 0.778205 0.0963466 0.281042 0.405994
0 0.784263 0.294035 0.125161 0.350346 0.481189
0 0.30643 0.554821 0.142945 0.369814 0.31282
0 0.689768 0.869957 0.121704 0.254867 0.289431
0 0.779319 0.357635 0.0933959 0.185339 0.843154
0 0.397794 0.500358 0.100687 0.335408 0.808171
0 0.894587 0.842219 0.103399 0.313149 0.79791
0 0.796477 0.169069 0.141978 0.338138 0.562151
0 0.836803 0.551818 0.118159 0.16485 0.527093
0 0.0485737 0.609818 0.0912036 0.198627 0.499093
0 0.142142 0.952049 0.0752925 0.0959015 0.259972
0 0.224689 0.372428 0.068675 0.125464 0.536241
0 0.96334 0.208144 0.0732359 0.240877 0.803784
0 0.639124 0.21055 0.1011 0.242785 0.843975
0 0.711997 0.49575 0.0961325 0.220046 0.820003
0 0.664707 0.872532 0.10038 0.254936 0.801241
0 0.257578 0.787254 0.118638 0.307306 0.78995
0 0.565839 0.496944 0.101054 0.226422 0.74987
0 0.557437 0.0815476 0.0981468 0.159748 0.554132
0 0.396761 0.587437 0.122731 0.350871 0.521692
0 0.0826932 0.755618 0.140871 0.248165 0.456398
0 0.133471 0.268518 0.0972293 0.257521 0.390901
0 0.744683 0.248117 0.0993885 0.23467 0.312246
0 0.839699 0.10298 0.0875225 0.202857 0.281902
