0 0.57832 0.957374 0.0617487 0.0852524 0.324908
0 0.0515078 0.0899374 0.0668115 0.166008 0.554793
0 0.493427 0.415823 0.138196 0.351224 0.781115
0 0.588989 0.454013 0.0853529 0.215075 0.618137
0 0.961413 0.664049 0.0538318 0.192486 0.609745
0 0.895674 0.0592519 0.0725625 0.118504 0.349477
0 0.638085 0.188568 0.134862 0.377136 0.260525
0 0.0519292 0.135352 0.100824 0.270705 0.717178
0 0.261208 0.0410756 0.0760394 0.0821511 0.692597
0 0.0982644 0.798843 0.129774 0.199659 0.259026
0 0.523455 0.774981 0.125545 0.174452 0.304894
0 0.252604 0.569429 0.0800601 0.230131 0.826833
0 0.958657 0.546796 0.0807991 0.352823 0.858478
0 0.782418 0.830347 0.0731139 0.223691 0.388074
0 0.921076 0.564626 0.0783367 0.282278 0.66457
0 0.535181 0.749509 0.0991026 0.254595 0.90257
