0 0.394727 0.672103 0.0881491 0.22759 0.880393
0 0.125954 0.235317 0.0572277 0.170017 0.690936
0 0.185262 0.037963 0.0704582 0.075926 0.272794
0 0.704506 0.354924 0.142522 0.261499 0.649579
0 0.474691 0.796284 0.106301 0.304813 0.307255
0 0.0594801 0.860072 0.11896 0.279856 0.782325
0 0.265483 0.872422 0.155564 0.255156 0.375093
0 0.936029 0.110293 0.0845272 0.216954 0.684201
0 0.440394 0.766261 0.0700386 0.245268 0.760766
0 0.974423 0.534247 0.0511104 0.229078 0.745839
0 0.160126 0.444937 0.173411 0.305458 0.756001
