0 0.470226 0.78417 0.0864866 0.26592 0.801491
0 0.193738 0.258014 0.0988013 0.267999 0.838712
0 0.0424067 0.822597 0.0847668 0.23519 0.504516
0 0.385489 0.21916 0.118891 0.298255 0.385805
0 0.365911 0.808708 0.0780119 0.308668 0.71618
0 0.0382595 0.839359 0.0758753 0.215966 0.742396
0 0.781258 0.342855 0.131132 0.327387 0.520243
0 0.819079 0.842278 0.111869 0.206697 0.259903
0 0.225318 0.667475 0.100922 0.290699 0.428096
0 0.26791 0.875421 0.143266 0.249159 0.838711
0 0.439697 0.716889 0.0977787 0.234768 0.721501
0 0.545992 0.506692 0.133776 0.374042 0.475048
0 0.799902 0.722062 0.0572576 0.225031 0.345296
0 0.61516 0.217088 0.10391 0.332765 0.810438
0 0.737124 0.89099 0.0725715 0.11021 0.80162
0 0.239849 0.239828 0.100536 0.291894 0.696125
0 0.169134 0.600465 0.128625 0.359674 0.566603
0 0.386016 0.622646 0.13523 0.223996 0.354813
0 0.762192 0.53136 0.125884 0.318246 0.351759
