0 0.763107 0.46622 0.10901 0.235008 0.848205
0 0.144385 0.422283 0.0862157 0.207921 0.412082
0 0.475494 0.192128 0.124341 0.240251 0.52344
0 0.53501 0.934223 0.107647 0.131553 0.455071
0 0.472064 0.620691 0.179553 0.301171 0.802074
0 0.462155 0.213478 0.137267 0.222411 0.754735
0 0.445395 0.613241 0.122677 0.285807 0.640201
0 0.651051 0.629753 0.122216 0.229075 0.537946
0 0.172801 0.0471874 0.104499 0.0943748 0.327643
0 0.10766 0.471138 0.145987 0.227981 0.254974
0 0.895059 0.393174 0.0679585 0.206666 0.321434
0 0.623009 0.653729 0.108597 0.312896 0.859093
0 0.217381 0.760782 0.108034 0.306673 0.505848
0 0.552859 0.0219204 0.0559738 0.0432697 0.302159
0 0.885627 0.74581 0.0877575 0.200519 0.279096
0 0.458369 0.702805 0.118647 0.302576 0.739903
0 0.76255 0.389823 0.121346 0.274072 0.795656
0 0.265522 0.679415 0.075303 0.135198 0.519431
