0 0.134445 0.930225 0.103514 0.13955 0.325225
0 0.493153 0.909866 0.0502191 0.0616972 0.299192
0 0.099751 0.0381072 0.0666786 0.0762144 0.38894
0 0.0134638 0.387755 0.0269275 0.176222 0.262301
0 0.229851 0.103171 0.188321 0.206342 0.382333
0 0.939094 0.341818 0.121812 0.381449 0.307923
0 0.884793 0.914639 0.0905808 0.17044 0.440831
0 0.390442 0.728541 0.0996218 0.257488 0.850438
0 0.614156 0.434124 0.10674 0.27685 0.821443
0 0.935864 0.231198 0.110568 0.253866 0.768652
0 0.56198 0.897025 0.108066 0.205949 0.710034
0 0.205408 0.848458 0.115203 0.303084 0.604985
0 0.811872 0.721635 0.113972 0.338958 0.480337
0 0.979899 0.735252 0.0402021 0.190812 0.473813
0 0.52764 0.139358 0.111092 0.178186 0.781404
0 0.0282184 0.147911 0.0559065 0.234581 0.741004
0 0.0880742 0.026619 0.0746193 0.053238 0.595291
0 0.927477 0.153919 0.140397 0.307839 0.365265
0 0.340624 0.0958468 0.103882 0.191694 0.397579
0 0.194599 0.0414255 0.104079 0.0828509 0.302001
0 0.416827 0.301941 0.0899412 0.251034 0.435322
0 0.401949 0.226819 0.0460933 0.107529 0.594919
0 0.105273 0.80787 0.0413458 0.122069 0.401848
0 0.846291 0.248268 0.100252 0.180598 0.843075
0 0.814056 0.893486 0.0983121 0.212869 0.847541
0 0.431225 0.332612 0.102654 0.265967 0.716171
0 0.129417 0.138707 0.0926739 0.208363 0.624868
0 0.359808 0.844935 0.0848046 0.211301 0.460472
0 0.69176 0.0629007 0.0768104 0.125563 0.421871
0 0.0405367 0.151862 0.0802789 0.284819 0.767197
