0 0.792358 0.728355 0.0330086 0.102484 0.290801
0 0.842325 0.441113 0.0804222 0.30004 0.815838
0 0.273549 0.196771 0.0943657 0.272748 0.78151
0 0.406256 0.793266 0.0961074 0.26411 0.547966
0 0.67022 0.284693 0.078145 0.172488 0.36192
0 0.766732 0.66336 0.057164 0.180939 0.439798
0 0.599343 0.89272 0.0999789 0.214561 0.85002
0 0.670707 0.320238 0.092621 0.21599 0.769673
0 0.504221 0.615934 0.0843274 0.121417 0.572998
0 0.352083 0.0493264 0.0827186 0.0986528 0.367366
0 0.294487 0.0274593 0.0871997 0.0549185 0.296924
0 0.0164682 0.934746 0.0326912 0.130508 0.25187
0 0.174072 0.321861 0.100763 0.210735 0.619844
0 0.210031 0.287566 0.0958861 0.290127 0.786527
0 0.949334 0.656778 0.0616699 0.17345 0.823371
0 0.0382397 0.584648 0.0750483 0.227063 0.850275
0 0.395827 0.921598 0.053235 0.156804 0.299353
0 0.138883 0.381204 0.0829834 0.277308 0.876978
0 0.37007 0.435311 0.116476 0.286024 0.852952
0 0.681218 0.720476 0.0988075 0.273692 0.821645
0 0.0674635 0.369299 0.087973 0.170137 0.555727
0 0.519149 0.66244 0.095607 0.222061 0.438927
0 0.799479 0.311887 0.0993087 0.249232 0.357784
0 0.726256 0.127606 0.109063 0.252975 0.296145
