0 0.952478 0.929941 0.0708691 0.140117 0.77674
0 0.27838 0.369769 0.062378 0.06688 0.52689
0 0.179069 0.0348693 0.0603141 0.0697386 0.318464
0 0.774369 0.87334 0.131819 0.253319 0.756742
0 0.968319 0.806836 0.0630745 0.292464 0.712752
0 0.684371 0.0744893 0.0594362 0.145504 0.312179
0 0.514883 0.257183 0.14331 0.225655 0.283715
0 0.220971 0.622973 0.0694101 0.230995 0.826761
0 0.291915 0.611978 0.0795929 0.129865 0.651776
0 0.310062 0.614358 0.119165 0.145718 0.530161
0 0.785464 0.607718 0.0908964 0.272691 0.867101
0 0.311249 0.662528 0.112769 0.331183 0.839693
0 0.636651 0.522462 0.0978395 0.268494 0.815459
0 0.422824 0.400582 0.105003 0.303993 0.726275
0 0.478113 0.776711 0.109919 0.259765 0.700787
0 0.784709 0.217499 0.116272 0.258084 0.301933
0 0.681668 0.753138 0.0285657 0.0927689 0.391526
0 0.741085 0.667508 0.0974479 0.267875 0.735309
0 0.314599 0.0275039 0.067948 0.0550078 0.279593
0 0.21568 0.0235876 0.0757489 0.0471752 0.295853
0 0.464053 0.956971 0.0510618 0.0860571 0.331183
