0 0.306448 0.765731 0.0353689 0.11581 0.82985
0 0.607031 0.0262955 0.0624592 0.0525829 0.273018
0 0.014991 0.50713 0.029982 0.175486 0.35939
0 0.239091 0.931428 0.115421 0.137144 0.324549
0 0.495896 0.64404 0.0759344 0.202166 0.763206
0 0.943577 0.732062 0.112401 0.307459 0.686389
0 0.920049 0.234777 0.0932106 0.280958 0.827031
0 0.416376 0.497566 0.104613 0.265687 0.647674
0 0.791882 0.161577 0.103829 0.260075 0.537641
0 0.386957 0.302473 0.100518 0.282557 0.703401
0 0.883605 0.677584 0.117387 0.191007 0.276583
0 0.480492 0.676118 0.0608306 0.169903 0.591307
0 0.760943 0.538566 0.0946895 0.241726 0.750602
0 0.0616658 0.0461918 0.0693995 0.0923835 0.269702
0 0.0777422 0.50589 0.0417281 0.0917951 0.474777
