0 0.12649 0.54689 0.110614 0.274961 0.568698
0 0.0193872 0.928517 0.0387743 0.142966 0.308624
0 0.541102 0.581679 0.0731387 0.243057 0.336406
0 0.872651 0.249973 0.091893 0.234206 0.857646
0 0.343795 0.693638 0.0691011 0.100504 0.616988
0 0.702795 0.673545 0.0916765 0.239726 0.758899
0 0.965458 0.930827 0.0679111 0.138345 0.340065
0 0.173725 0.0246473 0.0939085 0.0492945 0.26542
0 0.764257 0.627119 0.0327572 0.0957617 0.322323
0 0.789926 0.46975 0.0913095 0.195095 0.608033
0 0.502486 0.56142 0.0738731 0.1531 0.661046
0 0.43054 0.027152 0.0604193 0.0543041 0.400515
0 0.956813 0.858222 0.0807293 0.256399 0.825551
0 0.419007 0.834107 0.109504 0.239833 0.442812
0 0.786682 0.0388397 0.0801888 0.0776795 0.389974
