0 0.364121 0.0258748 0.0658642 0.0517497 0.294698
0 0.477528 0.193049 0.0721201 0.189896 0.35315
0 0.736928 0.170329 0.116313 0.340658 0.518785
0 0.972166 0.41297 0.0540985 0.124984 0.334173
0 0.944017 0.833356 0.111966 0.325916 0.35798
0 0.286345 0.911356 0.135859 0.177288 0.310217
0 0.266663 0.849281 0.177167 0.299882 0.298399
0 0.700098 0.382448 0.057183 0.16638 0.329489
0 0.593705 0.590154 0.0717276 0.16212 0.732688
0 0.152572 0.474589 0.0882969 0.196494 0.395152
0 0.965115 0.140837 0.0694382 0.263883 0.491052
0 0.752535 0.892203 0.0586185 0.130824 0.304509
0 0.0660907 0.230766 0.127223 0.231024 0.500742
0 0.727755 0.332801 0.125315 0.23134 0.422883
0 0.780372 0.287888 0.0739837 0.210271 0.453064
