0 0.646467 0.556864 0.074272 0.15216 0.838589
0 0.0872067 0.0319908 0.100085 0.0639815 0.263553
0 0.649858 0.631165 0.0812439 0.196088 0.617861
0 0.118706 0.623162 0.100425 0.300947 0.84053
0 0.964944 0.714155 0.068829 0.30641 0.80254
0 0.386468 0.324406 0.134559 0.224346 0.775688
0 0.949961 0.163642 0.100033 0.327283 0.663362
0 0.83968 0.343655 0.129915 0.282829 0.310863
0 0.684094 0.267121 0.158911 0.185615 0.310013
0 0.916693 0.542286 0.0546589 0.137525 0.482053
0 0.5348 0.0232624 0.0656995 0.0465248 0.320857
0 0.175953 0.43417 0.0846919 0.198131 0.295534
0 0.158022 0.477674 0.113137 0.159718 0.488309
0 0.295828 0.731079 0.157945 0.419539 0.321742
0 0.845982 0.329656 0.0987945 0.199363 0.768738
0 0.861384 0.174589 0.112931 0.192061 0.354445
0 0.513255 0.419697 0.0430807 0.134217 0.562656
0 0.462352 0.124564 0.0523581 0.138765 0.43418
