0 0.117152 0.329001 0.040828 0.0745258 0.270511
0 0.451846 0.966992 0.0968082 0.0660152 0.284751
0 0.78703 0.826402 0.0603397 0.131294 0.276341
0 0.0543554 0.0915775 0.107909 0.18148 0.672503
0 0.804103 0.575077 0.136306 0.209909 0.651299
0 0.110605 0.695656 0.192938 0.321089 0.364173
0 0.857595 0.4324 0.124212 0.320468 0.635471
0 0.727971 0.0630423 0.0931172 0.126047 0.42955
0 0.660509 0.324632 0.0712898 0.140685 0.72358
0 0.0185026 0.514727 0.0370052 0.133736 0.398593
0 0.659777 0.520487 0.0799615 0.229575 0.884464
0 0.849439 0.846839 0.150759 0.277752 0.690811
0 0.103324 0.405195 0.0760826 0.206807 0.570738
0 0.023061 0.633947 0.046122 0.138576 0.512135
0 0.0333758 0.644745 0.0652096 0.167501 0.493176
0 0.412592 0.810346 0.0988065 0.278501 0.811526
0 0.793968 0.672622 0.111823 0.278072 0.748235
0 0.981248 0.532952 0.037504 0.260569 0.532334
0 0.918349 0.217663 0.11197 0.305408 0.726093
