0 0.250107 0.444545 0.0453392 0.124018 0.307754
0 0.133959 0.242505 0.12117 0.271074 0.51068
0 0.854641 0.340735 0.155915 0.297479 0.323921
0 0.924797 0.427963 0.0907198 0.22964 0.818778
0 0.207033 0.891283 0.076494 0.1785 0.604331
0 0.786119 0.763136 0.0404957 0.0914238 0.603448
0 0.562896 0.744154 0.0566196 0.179473 0.550133
0 0.97377 0.101633 0.0515419 0.201353 0.49181
0 0.563055 0.722416 0.0550334 0.127243 0.438042
0 0.90972 0.756028 0.0907559 0.257241 0.700212
0 0.221611 0.82434 0.048898 0.154208 0.61797
0 0.877477 0.482165 0.109909 0.167082 0.490827
0 0.734822 0.0361068 0.0762472 0.0722136 0.654076
0 0.433515 0.0927159 0.145229 0.185432 0.561782
0 0.611566 0.148671 0.0478396 0.12926 0.402086
0 0.857752 0.891847 0.0467876 0.184586 0.348403
0 0.43724 0.294811 0.0670977 0.150336 0.30253
0 0.860274 0.874305 0.0427464 0.122927 0.268456
0 0.909742 0.746226 0.0600834 0.145497 0.303707
0 0.625094 0.117146 0.0829104 0.230962 0.830844
0 0.958646 0.150415 0.081493 0.297355 0.451888
0 0.773611 0.942426 0.0935675 0.115148 0.381795
0 0.114795 0.3947 0.117225 0.274534 0.672069
