0 0.945912 0.491065 0.108177 0.356301 0.480631
0 0.123408 0.627932 0.0479719 0.177211 0.253099
0 0.106645 0.0455458 0.0766667 0.0910008 0.299672
0 0.434493 0.2113 0.100688 0.265795 0.671759
0 0.11397 0.877507 0.125956 0.231242 0.626139
0 0.155648 0.734545 0.154055 0.241084 0.321319
0 0.877167 0.747711 0.104487 0.31663 0.662267
0 0.885057 0.312499 0.0816631 0.219796 0.872067
0 0.053115 0.411248 0.0825285 0.205358 0.445356
0 0.0188481 0.143477 0.0376962 0.193371 0.716702
0 0.867453 0.640824 0.0298412 0.0896724 0.347405
0 0.359795 0.670284 0.0368356 0.126807 0.407658
0 0.872412 0.0254401 0.0858879 0.0508801 0.345532
0 0.282234 0.611974 0.0858902 0.238573 0.39652
