0 0.78686 0.025021 0.0762103 0.0500421 0.533479
0 0.903073 0.947698 0.0706789 0.104605 0.442885
0 0.344173 0.47299 0.0957843 0.246594 0.786937
0 0.533495 0.110094 0.0821424 0.130017 0.306417
0 0.710403 0.161792 0.0698479 0.202611 0.42044
0 0.10508 0.184765 0.160525 0.358883 0.66586
0 0.104712 0.270747 0.151403 0.444764 0.39393
0 0.98108 0.555973 0.0378397 0.264429 0.490029
0 0.818993 0.488794 0.157392 0.341893 0.34345
0 0.50646 0.73157 0.0562538 0.172978 0.670914
0 0.135631 0.636425 0.0392227 0.1192 0.291789
0 0.844089 0.451319 0.113762 0.251872 0.87106
