0 0.461483 0.733875 0.112326 0.33561 0.404358
0 0.836646 0.924887 0.0377129 0.109658 0.68161
0 0.900503 0.913696 0.113264 0.172609 0.767417
0 0.334249 0.491175 0.129161 0.332131 0.866513
0 0.0895744 0.154257 0.109669 0.296196 0.816047
0 0.545383 0.892307 0.116695 0.215386 0.791677
0 0.494256 0.299268 0.145886 0.260263 0.615507
0 0.488061 0.339763 0.159822 0.339032 0.452003
0 0.0671192 0.571479 0.103581 0.216373 0.364855
0 0.250447 0.209551 0.0800968 0.19134 0.554787
0 0.75635 0.109889 0.074796 0.208351 0.775357
0 0.84103 0.202353 0.0720783 0.201732 0.792113
0 0.545822 0.2032 0.0821167 0.20801 0.558798
0 0.827281 0.0539068 0.0570086 0.107801 0.280427
0 0.796256 0.55111 0.0963957 0.347077 0.3216
0 0.800221 0.65811 0.105746 0.193928 0.492771
0 0.977006 0.897908 0.0457425 0.204185 0.428547
0 0.0497085 0.877221 0.099417 0.244513 0.796482
0 0.10915 0.519597 0.110286 0.253198 0.762956
0 0.957808 0.732641 0.083708 0.262842 0.849734
