0 0.495835 0.0681503 0.114403 0.136301 0.363875
0 0.839658 0.706228 0.158319 0.294311 0.778723
0 0.574918 0.224156 0.0620825 0.151523 0.318982
0 0.593676 0.92413 0.0934851 0.15174 0.610207
0 0.110049 0.174696 0.0378452 0.128917 0.386192
0 0.702534 0.485497 0.0549625 0.150412 0.333159
0 0.798789 0.145205 0.0714554 0.115614 0.559217
0 0.555399 0.136781 0.0990658 0.273562 0.861934
0 0.248571 0.0389832 0.0907759 0.0779664 0.659038
0 0.886222 0.248139 0.10298 0.278321 0.593708
0 0.713701 0.28177 0.120662 0.254779 0.581814
0 0.392528 0.0811706 0.110864 0.162341 0.446319
0 0.648992 0.424969 0.177759 0.402706 0.255268
0 0.0518892 0.0526264 0.0607238 0.103812 0.279936
0 0.69227 0.0258802 0.0915716 0.0517604 0.284637
0 0.0694092 0.472686 0.083213 0.238336 0.80023
0 0.787834 0.692949 0.0734083 0.155278 0.450879
0 0.812398 0.927898 0.0980263 0.144205 0.444162
0 0.900744 0.96534 0.0765823 0.0693205 0.292513
0 0.0662314 0.0226327 0.0928181 0.0452655 0.270934
0 0.356554 0.034054 0.0676994 0.068108 0.374906
0 0.333393 0.688623 0.064155 0.247301 0.417233
0 0.0314371 0.153385 0.0628742 0.306771 0.516419
