0 0.235348 0.812719 0.118481 0.162132 0.724456
0 0.7233 0.614579 0.0380007 0.141027 0.697252
0 0.46858 0.945717 0.106388 0.108566 0.397835
0 0.890319 0.0423065 0.067441 0.0846131 0.375527
0 0.628455 0.709665 0.107267 0.25748 0.722794
0 0.771448 0.776759 0.147279 0.296279 0.403094
0 0.245811 0.570618 0.128382 0.314766 0.709635
0 0.54027 0.427783 0.118842 0.200336 0.337827
0 0.925838 0.513715 0.0476995 0.165798 0.489425
0 0.589745 0.284741 0.0358988 0.121196 0.487344
0 0.0376519 0.0257416 0.0753038 0.0514831 0.405428
0 0.780513 0.0988301 0.0927135 0.192981 0.279148
0 0.411747 0.866861 0.1516 0.266278 0.489849
