0 0.27255 0.703221 0.149021 0.342288 0.335318
0 0.634573 0.384555 0.101867 0.283387 0.904318
0 0.883216 0.640857 0.0953754 0.215881 0.326842
0 0.826258 0.85767 0.0810133 0.241173 0.872652
0 0.123111 0.819108 0.14889 0.241128 0.553826
0 0.456155 0.140934 0.0485916 0.136237 0.659704
0 0.628836 0.0244536 0.0707062 0.0489072 0.263971
0 0.4876 0.872493 0.0983202 0.251041 0.65795
0 0.967711 0.314544 0.0629944 0.236452 0.300132
0 0.328619 0.796526 0.102 0.345651 0.849302
0 0.321597 0.383373 0.125149 0.37384 0.3383
