0 0.916624 0.301248 0.166751 0.401699 0.687955
0 0.936205 0.32671 0.127589 0.353212 0.62828
0 0.839638 0.180037 0.223251 0.360073 0.579622
0 0.877817 0.209512 0.240949 0.419024 0.469787
0 0.898185 0.269568 0.203629 0.406309 0.432231
0 0.824412 0.115223 0.211401 0.229048 0.376805
0 0.174433 0.0914072 0.0698284 0.168182 0.255796
0 0.0206675 0.524966 0.041335 0.218064 0.547922
0 0.732525 0.0378036 0.0762585 0.0756072 0.422628
0 0.97106 0.0349609 0.0564674 0.0699218 0.272027
0 0.0569062 0.674759 0.0838151 0.23796 0.78987
0 0.0527685 0.826681 0.051323 0.128705 0.341936
0 0.177599 0.906053 0.0640715 0.18562 0.637859
