0 0.981278 0.434905 0.0374435 0.277058 0.268331
0 0.851964 0.135051 0.0546572 0.178645 0.550473
0 0.80903 0.218322 0.112136 0.18988 0.44538
0 0.194813 0.840468 0.106534 0.286025 0.456336
0 0.368581 0.473078 0.102891 0.19325 0.768693
0 0.0975728 0.0243091 0.0752573 0.0486181 0.277122
0 0.690188 0.566353 0.0801941 0.136297 0.821039
0 0.679533 0.830664 0.0511813 0.0773987 0.48603
0 0.183908 0.649473 0.0539254 0.0595246 0.414909
0 0.491203 0.971663 0.0443783 0.056127 0.393593
0 0.53055 0.61282 0.0563898 0.194889 0.260831
0 0.934983 0.0551684 0.0969078 0.10993 0.627537
0 0.0503153 0.257435 0.100631 0.222725 0.516576
0 0.528021 0.0288944 0.0650575 0.0577888 0.316709
0 0.644616 0.0257525 0.056699 0.0511829 0.271276
0 0.0474396 0.661029 0.0948792 0.285839 0.285634
