0 0.320354 0.401169 0.12606 0.25979 0.756799
0 0.651713 0.726936 0.0443102 0.136679 0.477178
0 0.592999 0.47275 0.0962142 0.224302 0.387011
0 0.903219 0.254642 0.0904657 0.217623 0.824405
0 0.101169 0.861706 0.095656 0.270301 0.705036
0 0.6245 0.10341 0.100327 0.204063 0.453573
0 0.953831 0.422098 0.0683438 0.208701 0.512347
0 0.0283295 0.244796 0.056659 0.318359 0.371476
0 0.124024 0.514225 0.194644 0.408517 0.29552
0 0.0997459 0.495539 0.161546 0.379793 0.28022
0 0.835735 0.553019 0.0937617 0.308398 0.521499
0 0.858929 0.585747 0.147489 0.361002 0.440571
0 0.772406 0.162931 0.0887165 0.251192 0.646129
0 0.318247 0.704463 0.072261 0.239032 0.790225
0 0.614212 0.351256 0.0793573 0.279696 0.56034
0 0.89408 0.615654 0.112176 0.302794 0.30097
0 0.258809 0.0374739 0.0824471 0.0749479 0.832125
0 0.473389 0.47543 0.0809316 0.153397 0.421412
0 0.974471 0.713779 0.0504593 0.150646 0.299275
0 0.734879 0.104152 0.118399 0.202701 0.356557
