0 0.672849 0.840119 0.113905 0.294986 0.531546
0 0.494747 0.0260458 0.0800003 0.0520916 0.28444
0 0.018049 0.453304 0.036098 0.141811 0.261714
0 0.584685 0.140847 0.0740337 0.195855 0.524909
0 0.0186983 0.6007 0.0373966 0.14733 0.503692
0 0.0193055 0.0946608 0.038611 0.166654 0.304286
0 0.196816 0.442527 0.0737988 0.140326 0.570131
0 0.476872 0.253185 0.152296 0.272833 0.476007
0 0.46475 0.306735 0.168897 0.368033 0.268655
0 0.878567 0.671709 0.104318 0.299209 0.834237
0 0.865645 0.32746 0.107668 0.307773 0.817576
0 0.757318 0.644607 0.0853726 0.257829 0.791582
0 0.0663368 0.243212 0.102603 0.318522 0.76076
0 0.447441 0.735168 0.0938728 0.22686 0.7245
0 0.267788 0.32507 0.152245 0.383053 0.622689
0 0.292472 0.295422 0.105631 0.326813 0.585543
0 0.617726 0.0340844 0.0677763 0.0681689 0.563585
0 0.380772 0.0432011 0.0528769 0.0862954 0.464113
0 0.245153 0.337612 0.111314 0.385353 0.462742
0 0.867918 0.0329273 0.0603706 0.0658545 0.422675
0 0.0673996 0.170122 0.0821308 0.158116 0.335097
0 0.162438 0.755987 0.142875 0.169637 0.309558
0 0.508476 0.159769 0.0928578 0.121659 0.300819
0 0.975453 0.455017 0.0481833 0.265609 0.299165
0 0.720213 0.95333 0.0911386 0.0922043 0.263042
