0 0.447569 0.527028 0.0400715 0.068782 0.669461
0 0.340397 0.242851 0.0412968 0.119152 0.643338
0 0.353945 0.362297 0.0663217 0.106541 0.258038
0 0.922338 0.0973753 0.0865889 0.192473 0.657081
0 0.538198 0.520505 0.098075 0.268015 0.547816
0 0.216069 0.0244897 0.0655385 0.0489795 0.574111
0 0.338948 0.518862 0.103257 0.251335 0.834864
0 0.456945 0.725735 0.104196 0.28621 0.795657
0 0.738286 0.60429 0.14567 0.253792 0.768989
0 0.846016 0.262079 0.0913193 0.245281 0.570321
0 0.543841 0.461172 0.142308 0.204681 0.428266
0 0.164371 0.0583311 0.0895273 0.116662 0.640911
