0 0.389365 0.373347 0.0505547 0.154266 0.622935
0 0.703135 0.196813 0.0468127 0.131253 0.525121
0 0.900974 0.116588 0.0991893 0.226612 0.712495
0 0.824087 0.451625 0.0686142 0.0859219 0.259399
0 0.885384 0.0252346 0.0737913 0.0504691 0.276509
0 0.705264 0.362844 0.0855188 0.199539 0.630309
0 0.446994 0.417952 0.094229 0.291632 0.787614
0 0.128535 0.387187 0.0852146 0.100613 0.484327
0 0.826415 0.58081 0.046164 0.0678752 0.464832
0 0.96693 0.87893 0.0625131 0.169712 0.25357
0 0.60952 0.165692 0.0613514 0.176144 0.311612
0 0.702944 0.524292 0.0567598 0.157183 0.335524
0 0.126008 0.301129 0.0771731 0.250276 0.396428
0 0.0266594 0.596035 0.0533187 0.214049 0.267707
0 0.500395 0.344128 0.0980587 0.271885 0.8195
0 0.70911 0.650308 0.0634732 0.177927 0.418968
