0 0.344221 0.857752 0.0953144 0.268095 0.531967
0 0.418154 0.0685214 0.0850841 0.136168 0.535005
0 0.535241 0.5227 0.0917501 0.228989 0.315382
0 0.244125 0.543856 0.0580374 0.188962 0.413028
0 0.954754 0.436072 0.090491 0.22931 0.55065
0 0.3398 0.582901 0.0673497 0.120687 0.28531
0 0.230426 0.485264 0.112441 0.155321 0.382329
0 0.391678 0.149712 0.142891 0.295273 0.300234
0 0.619919 0.680472 0.0394218 0.131873 0.400756
0 0.0591968 0.528407 0.0446813 0.137133 0.364754
0 0.261267 0.698018 0.117376 0.192114 0.285759
0 0.127266 0.0372119 0.0874945 0.0744238 0.339472
0 0.102062 0.201237 0.204123 0.402475 0.26451
0 0.301145 0.502187 0.0766725 0.202133 0.776226
0 0.163002 0.12139 0.0817536 0.226038 0.783845
