0 0.271232 0.0256721 0.0345359 0.0513443 0.263667
0 0.218141 0.407917 0.0523878 0.155554 0.450172
0 0.258495 0.928484 0.084078 0.143033 0.535629
0 0.368698 0.667221 0.102521 0.263006 0.768311
0 0.896002 0.567161 0.0827904 0.301153 0.399145
0 0.543656 0.633597 0.046576 0.147882 0.38304
0 0.837541 0.134078 0.0321684 0.105969 0.436291
0 0.356243 0.213516 0.0551249 0.127217 0.380279
0 0.801758 0.701391 0.0692501 0.175549 0.314884
0 0.0394676 0.0334091 0.072565 0.0668181 0.252948
0 0.345554 0.23387 0.104872 0.237139 0.599954
0 0.106649 0.0845586 0.0604378 0.134118 0.29223
0 0.022195 0.111749 0.0433266 0.221674 0.476664
0 0.051976 0.607833 0.0529918 0.136666 0.26386
