0 0.79009 0.582921 0.109385 0.324381 0.89769
0 0.299169 0.760863 0.0990459 0.302182 0.875971
0 0.641989 0.360881 0.123216 0.32882 0.795087
0 0.473058 0.35226 0.10251 0.313474 0.768494
0 0.697336 0.838445 0.0963593 0.295313 0.76313
0 0.345173 0.247481 0.0969593 0.316355 0.683229
0 0.212929 0.446507 0.125567 0.301907 0.631473
0 0.848608 0.318389 0.113319 0.35185 0.534278
0 0.261336 0.174221 0.0959877 0.319236 0.533404
0 0.938186 0.917092 0.103545 0.165815 0.410303
0 0.507989 0.360096 0.179508 0.331667 0.39901
0 0.845966 0.228458 0.10835 0.170414 0.285505
0 0.941046 0.0297938 0.0995021 0.0595876 0.257421
0 0.974198 0.792104 0.0346468 0.105578 0.40534
0 0.394411 0.911743 0.115091 0.176513 0.471196
0 0.24395 0.0231423 0.0630249 0.0462105 0.277069
0 0.656564 0.489836 0.0831932 0.260529 0.890108
0 0.62889 0.022634 0.0567383 0.045268 0.340789
0 0.387621 0.311704 0.0941112 0.266116 0.447423
0 0.158192 0.0318669 0.0802268 0.0634325 0.417016
0 0.264271 0.656103 0.0766174 0.178187 0.7375
0 0.223487 0.930251 0.0973006 0.139498 0.471514
0 0.259007 0.59268 0.0703546 0.238356 0.832905
0 0.193592 0.615454 0.0696301 0.230362 0.723075
0 0.564621 0.803724 0.111618 0.296761 0.536855
0 0.749408 0.8153 0.137032 0.262786 0.447983
0 0.655261 0.744939 0.116448 0.234081 0.319972
0 0.364516 0.297483 0.0706289 0.117032 0.272824
0 0.658519 0.797771 0.0925398 0.19897 0.75536
