0 0.113366 0.973282 0.0401642 0.0534363 0.338726
0 0.964315 0.590636 0.0478474 0.131181 0.350645
0 0.574326 0.82293 0.0701785 0.287758 0.626637
0 0.666562 0.150805 0.0466244 0.140326 0.2775
0 0.927941 0.879512 0.0861269 0.235588 0.820172
0 0.659253 0.676774 0.147768 0.350467 0.353341
0 0.41669 0.591972 0.152981 0.186769 0.36526
0 0.419245 0.235619 0.0795354 0.239063 0.339006
0 0.828575 0.0316027 0.0637037 0.0632054 0.345748
0 0.213111 0.821872 0.0682178 0.230673 0.825273
0 0.679095 0.439366 0.131026 0.214647 0.420754
0 0.543692 0.966519 0.0577281 0.0669616 0.563689
0 0.276664 0.483374 0.137634 0.249013 0.617321
0 0.764343 0.625321 0.0545087 0.135003 0.508314
0 0.764042 0.636612 0.0444141 0.110165 0.294635
0 0.430382 0.0425711 0.0691608 0.0851423 0.271001
