0 0.193748 0.779546 0.150536 0.241093 0.621092
0 0.678197 0.368277 0.122592 0.213039 0.403718
0 0.364102 0.17296 0.116791 0.257215 0.843531
0 0.54898 0.178953 0.0830643 0.222869 0.314008
0 0.725769 0.272009 0.0662992 0.225086 0.724743
0 0.678046 0.0365246 0.0628772 0.0730493 0.439765
0 0.784099 0.588962 0.0858849 0.267068 0.81768
0 0.949163 0.288231 0.0968252 0.264457 0.616407
0 0.816153 0.412393 0.149224 0.378424 0.267101
0 0.0158366 0.618791 0.0316731 0.15149 0.357867
0 0.568009 0.199044 0.1987 0.398087 0.319252
0 0.238902 0.0433691 0.115162 0.0865145 0.311725
0 0.320017 0.952919 0.0698994 0.0941616 0.466264
