0 0.107135 0.378272 0.198453 0.355281 0.270744
0 0.859063 0.972443 0.0652283 0.0551137 0.332789
0 0.581231 0.0318857 0.0623716 0.0637715 0.540051
0 0.720288 0.129611 0.0443368 0.1316 0.599762
0 0.0746281 0.601433 0.149256 0.232463 0.403668
0 0.815148 0.0880067 0.0803911 0.172107 0.359875
0 0.574793 0.908006 0.0411819 0.0698095 0.326146
0 0.537125 0.888886 0.0641134 0.181434 0.425562
0 0.829089 0.190562 0.054652 0.129363 0.442662
0 0.652583 0.515645 0.053111 0.140594 0.326549
0 0.34409 0.74694 0.0453458 0.158252 0.320853
0 0.723963 0.455214 0.0669421 0.163761 0.299514
0 0.568537 0.625072 0.0663175 0.206088 0.460511
