0 0.858124 0.382441 0.0745971 0.23212 0.767665
0 0.198012 0.0331966 0.0726035 0.0663933 0.799002
0 0.311626 0.931952 0.104006 0.136097 0.287157
0 0.893662 0.211656 0.0729229 0.23152 0.320017
0 0.859666 0.775731 0.0706002 0.197708 0.300277
0 0.661235 0.355747 0.0918406 0.287869 0.807337
0 0.955034 0.221925 0.0899314 0.329909 0.795583
0 0.2704 0.333701 0.105627 0.257832 0.665372
0 0.088958 0.35914 0.0937309 0.333482 0.595253
0 0.0192758 0.0724234 0.0385516 0.144847 0.593381
0 0.820998 0.128754 0.112904 0.257507 0.493131
0 0.578987 0.938979 0.110781 0.122042 0.450091
0 0.428283 0.101287 0.109289 0.198176 0.323358
