0 0.207488 0.577855 0.0864214 0.212644 0.349127
0 0.0192376 0.183352 0.0384753 0.147839 0.485467
0 0.383327 0.800936 0.0684639 0.157507 0.923694
0 0.314989 0.171709 0.138587 0.240165 0.398976
0 0.832341 0.0242551 0.0510351 0.0485102 0.581868
0 0.832028 0.0261234 0.0685017 0.0484486 0.262002
0 0.168268 0.716388 0.117747 0.329994 0.908627
0 0.125567 0.242807 0.125511 0.295974 0.853382
0 0.681787 0.279157 0.11608 0.277397 0.731701
0 0.418847 0.808457 0.121864 0.253306 0.623793
0 0.0250477 0.627898 0.0500954 0.200076 0.56597
0 0.263032 0.407787 0.0626778 0.222263 0.740128
0 0.971333 0.600217 0.0436829 0.149586 0.309979
0 0.895444 0.913124 0.116553 0.173753 0.679215
0 0.802828 0.78013 0.0831286 0.233862 0.567723
0 0.330777 0.264014 0.0715988 0.21443 0.301002
0 0.252735 0.1988 0.0824957 0.235743 0.688287
