0 0.965176 0.861347 0.0685841 0.27702 0.345315
0 0.212673 0.573922 0.054847 0.177102 0.50968
0 0.096333 0.34313 0.0908216 0.26742 0.895387
0 0.389502 0.29354 0.11759 0.327373 0.631494
0 0.55338 0.903744 0.171319 0.192512 0.534881
0 0.319051 0.728433 0.0735142 0.196756 0.508624
0 0.424287 0.0990995 0.0752596 0.192078 0.829615
0 0.236832 0.0408914 0.0844823 0.0817827 0.367321
0 0.0989255 0.848895 0.0941068 0.234 0.804231
0 0.507434 0.635801 0.140403 0.320421 0.296652
0 0.943491 0.96874 0.0637966 0.0625202 0.40478
0 0.095762 0.179803 0.0576379 0.18189 0.588617
0 0.445368 0.546547 0.217563 0.395185 0.33472
0 0.174773 0.955057 0.101816 0.0898865 0.354089
0 0.846944 0.0627216 0.0729675 0.125443 0.366981
0 0.921848 0.505114 0.133397 0.214137 0.765176
0 0.967796 0.302758 0.0629219 0.208513 0.706631
0 0.904638 0.034081 0.0818287 0.0681621 0.423665
0 0.276853 0.840118 0.0718434 0.23753 0.639626
0 0.275588 0.812416 0.0690806 0.170617 0.406319
