0 0.193802 0.286172 0.0918971 0.355999 0.724561
0 0.137749 0.840377 0.116791 0.310901 0.676675
0 0.218785 0.0901319 0.105855 0.174741 0.49603
0 0.363234 0.041837 0.0777623 0.0836739 0.358249
0 0.031369 0.909422 0.0617857 0.180829 0.364208
0 0.838706 0.22106 0.0645988 0.206912 0.386523
0 0.420851 0.715792 0.0584304 0.193676 0.524803
0 0.634558 0.334323 0.0884377 0.286108 0.776366
0 0.610951 0.0260136 0.0584185 0.0518927 0.31225
0 0.231243 0.906592 0.132832 0.186816 0.587507
0 0.783959 0.627181 0.100504 0.153999 0.307687
0 0.428026 0.870653 0.105109 0.255288 0.795356
0 0.0788379 0.864559 0.0935344 0.250324 0.842141
0 0.392265 0.948156 0.0487855 0.0882668 0.322717
0 0.558472 0.944623 0.065019 0.110753 0.503781
0 0.750731 0.964011 0.0542419 0.0719779 0.374275
0 0.128204 0.514746 0.121201 0.153644 0.369768
0 0.570367 0.197011 0.0840685 0.320554 0.713857
