0 0.545219 0.42777 0.0933973 0.267839 0.854609
0 0.654194 0.684486 0.115251 0.231726 0.852338
0 0.492489 0.705901 0.111431 0.302486 0.799368
0 0.453065 0.159533 0.0844465 0.319065 0.798202
0 0.353484 0.932352 0.120998 0.135297 0.698649
0 0.293628 0.463718 0.0880963 0.226969 0.631722
0 0.0843309 0.186931 0.0759456 0.191005 0.725673
0 0.187603 0.923729 0.109134 0.152542 0.672379
0 0.895381 0.74839 0.0789641 0.238349 0.697602
0 0.512504 0.97511 0.0429383 0.0497801 0.325746
0 0.0244758 0.111648 0.0488734 0.191621 0.331561
0 0.774922 0.0340846 0.0390261 0.0668147 0.527837
0 0.741392 0.0236639 0.0608497 0.0473277 0.423896
0 0.0894367 0.684531 0.081042 0.18563 0.525047
0 0.329952 0.492775 0.0805478 0.221738 0.535173
0 0.182973 0.0242311 0.0588535 0.0484622 0.394803
0 0.377169 0.439917 0.108748 0.270969 0.341337
0 0.611537 0.123592 0.0556454 0.151583 0.299895
