0 0.264651 0.777573 0.0958813 0.251397 0.335938
0 0.482049 0.0246063 0.0617472 0.0492127 0.481497
0 0.827424 0.280215 0.0721415 0.222631 0.563764
0 0.329501 0.0230882 0.070315 0.0461763 0.416768
0 0.745524 0.659472 0.0748839 0.199597 0.59111
0 0.777514 0.331068 0.121482 0.226344 0.5871
0 0.490169 0.594661 0.0500444 0.072298 0.648008
0 0.609038 0.86489 0.038871 0.0555034 0.517637
0 0.049498 0.621989 0.0872284 0.216773 0.716611
0 0.45443 0.306746 0.0856967 0.185614 0.61234
0 0.524607 0.873316 0.129755 0.248497 0.688197
0 0.138439 0.782122 0.0617225 0.174804 0.594192
0 0.0451769 0.745466 0.0882026 0.169073 0.433962
0 0.454354 0.483941 0.0933806 0.262714 0.846164
0 0.177432 0.092321 0.0982109 0.182212 0.745869
0 0.200466 0.399213 0.0721771 0.227731 0.530916
0 0.775906 0.248787 0.0850915 0.264404 0.679897
