0 0.650687 0.0318843 0.0682458 0.0637686 0.385726
0 0.683198 0.541504 0.0930565 0.2642 0.556829
0 0.315527 0.845827 0.0963934 0.200137 0.506622
0 0.952435 0.618579 0.0940434 0.168676 0.284306
0 0.313528 0.730964 0.0959162 0.291892 0.915532
0 0.727668 0.395347 0.121373 0.312641 0.874386
0 0.064012 0.38542 0.107054 0.340072 0.798129
0 0.0318953 0.651907 0.0637906 0.322067 0.771935
0 0.207554 0.656316 0.114916 0.245564 0.751498
0 0.515906 0.413822 0.0962647 0.245354 0.701642
0 0.307295 0.434686 0.111164 0.347754 0.615803
0 0.86697 0.0313862 0.0532513 0.0627723 0.344497
0 0.907361 0.541533 0.115584 0.142245 0.387438
0 0.74355 0.712826 0.0745716 0.183522 0.559335
0 0.920096 0.0544754 0.0919933 0.108278 0.293913
0 0.900686 0.44061 0.103683 0.250596 0.818752
0 0.0532824 0.840747 0.0898686 0.278955 0.728562
0 0.496414 0.7622 0.127412 0.230363 0.723871
0 0.639421 0.912082 0.104866 0.175837 0.597141
0 0.665564 0.613797 0.135047 0.293013 0.736061
0 0.364672 0.423479 0.0850907 0.265277 0.733978
0 0.937577 0.612804 0.11057 0.282854 0.564575
0 0.201363 0.508077 0.128286 0.282196 0.398553
0 0.731526 0.929623 0.118706 0.140753 0.260206
0 0.0767098 0.281968 0.114471 0.24899 0.662259
