0 0.729893 0.251779 0.0857315 0.258183 0.441811
0 0.652826 0.408469 0.0796413 0.209055 0.322795
0 0.571315 0.967126 0.0549011 0.0657488 0.294163
0 0.469993 0.792976 0.0834286 0.0916918 0.867973
0 0.74337 0.338117 0.10281 0.247715 0.663954
0 0.885295 0.123084 0.0988476 0.246168 0.508865
0 0.513045 0.288811 0.0845376 0.198105 0.80097
0 0.937969 0.787375 0.113358 0.248967 0.4631
0 0.33067 0.115786 0.0536134 0.219735 0.306813
0 0.341827 0.640217 0.0978651 0.276255 0.860724
0 0.151873 0.210532 0.0963851 0.334024 0.792727
0 0.0931732 0.868161 0.0874828 0.249585 0.727243
0 0.630304 0.923275 0.103396 0.15345 0.642319
0 0.441779 0.494681 0.0977846 0.176133 0.588658
0 0.675053 0.238444 0.103643 0.216657 0.523179
0 0.275217 0.0734106 0.0784557 0.14649 0.452259
