0 0.127511 0.032734 0.080397 0.0654679 0.473479
0 0.916233 0.220377 0.0550396 0.179289 0.349254
0 0.467217 0.340874 0.0795101 0.244232 0.744168
0 0.369222 0.164976 0.102963 0.214662 0.576147
0 0.28812 0.276713 0.166315 0.348513 0.456328
0 0.325043 0.731796 0.0762874 0.216788 0.714121
0 0.580454 0.933444 0.0917085 0.133112 0.370883
0 0.977731 0.0238219 0.0425444 0.0476438 0.407454
0 0.134412 0.199364 0.0747337 0.227093 0.60805
0 0.783316 0.705225 0.11025 0.207423 0.787666
0 0.317083 0.0569147 0.0930449 0.113532 0.665216
0 0.792521 0.393673 0.123803 0.218234 0.344202
0 0.0488778 0.493281 0.0423005 0.114049 0.405537
0 0.571259 0.120474 0.0833921 0.238566 0.441713
