0 0.293677 0.0376784 0.0791588 0.0753568 0.68682
0 0.347664 0.633717 0.0741602 0.172099 0.572835
0 0.763383 0.930175 0.103993 0.13965 0.71021
0 0.157803 0.673546 0.0790391 0.151206 0.288794
0 0.340422 0.361851 0.0718513 0.212805 0.511827
0 0.879453 0.292096 0.0946373 0.294452 0.850134
0 0.741531 0.62773 0.0938734 0.234629 0.693006
0 0.398958 0.504571 0.142218 0.369519 0.5235
0 0.641966 0.0638786 0.0633001 0.127629 0.310713
0 0.935878 0.431796 0.0566227 0.124565 0.271892
0 0.26415 0.106668 0.105351 0.212396 0.298792
0 0.689957 0.967183 0.0661989 0.0656335 0.308107
0 0.523824 0.0381111 0.0782376 0.0762222 0.392916
0 0.571896 0.444953 0.0943317 0.346444 0.781488
0 0.29136 0.77381 0.102838 0.322585 0.736592
