0 0.134516 0.442931 0.108855 0.260655 0.809683
0 0.891471 0.933478 0.0655503 0.133043 0.266838
0 0.317081 0.894824 0.155526 0.210353 0.414336
0 0.970012 0.930125 0.0588247 0.139751 0.28832
0 0.638868 0.334706 0.0443646 0.156082 0.338864
0 0.218609 0.922315 0.0953023 0.155369 0.372627
0 0.723097 0.56305 0.0686411 0.2297 0.530813
0 0.776569 0.937411 0.0810484 0.125179 0.588178
0 0.595218 0.75686 0.0649381 0.304057 0.434984
0 0.294939 0.091439 0.0665087 0.182878 0.278278
0 0.142293 0.416951 0.0748328 0.245484 0.694409
0 0.420958 0.748384 0.0981724 0.261814 0.276342
0 0.23863 0.517078 0.0852796 0.24757 0.551775
0 0.523726 0.383408 0.0422497 0.135198 0.496011
