0 0.151479 0.189148 0.0931276 0.21464 0.823386
0 0.233929 0.604091 0.115575 0.199691 0.715196
0 0.302859 0.327049 0.103993 0.233583 0.835465
0 0.835266 0.669077 0.153752 0.176758 0.736554
0 0.812312 0.649114 0.0992764 0.123553 0.41814
0 0.630039 0.283991 0.0741249 0.221482 0.539399
0 0.449851 0.162014 0.0888166 0.309954 0.890212
0 0.824422 0.849625 0.0946564 0.259465 0.852061
0 0.420563 0.770129 0.111882 0.309274 0.849634
0 0.765725 0.52292 0.0941565 0.260816 0.833363
0 0.832455 0.147366 0.137738 0.292789 0.686968
0 0.580795 0.92013 0.125581 0.15974 0.298368
0 0.964404 0.506014 0.0695391 0.29041 0.292492
0 0.53307 0.320748 0.050062 0.153153 0.566318
0 0.265322 0.297393 0.123565 0.389435 0.610554
0 0.259146 0.262077 0.0969861 0.31302 0.273515
0 0.537064 0.261653 0.110899 0.311104 0.848015
0 0.578352 0.522599 0.122399 0.231414 0.492508
0 0.461886 0.697566 0.0916113 0.284429 0.789182
0 0.345202 0.218172 0.106683 0.283603 0.692983
0 0.174519 0.252367 0.130138 0.391104 0.268824
0 0.952494 0.697162 0.0950115 0.282441 0.661315
