0 0.0161727 0.631951 0.0323454 0.0712866 0.303627
0 0.486658 0.746913 0.142505 0.291959 0.283839
0 0.550127 0.841628 0.0845299 0.210361 0.791545
0 0.241568 0.0252342 0.0573765 0.0504683 0.476292
0 0.119337 0.216978 0.05194 0.121605 0.539551
0 0.430626 0.841824 0.0764123 0.183395 0.542477
0 0.0541448 0.0239899 0.0926531 0.0479797 0.389017
0 0.0458514 0.102765 0.0908612 0.203602 0.669617
0 0.807449 0.653815 0.119907 0.24615 0.574003
0 0.392506 0.488703 0.0903842 0.221779 0.301887
0 0.276245 0.461925 0.0640526 0.184392 0.726836
0 0.119917 0.759143 0.083406 0.178451 0.268553
0 0.354032 0.575224 0.0982313 0.318803 0.571728
0 0.666866 0.873291 0.0550119 0.186699 0.666395
0 0.137507 0.257936 0.0877805 0.262856 0.525028
0 0.872335 0.468841 0.108242 0.205323 0.656419
0 0.14574 0.440515 0.132245 0.347697 0.704854
0 0.476043 0.608808 0.0532461 0.154519 0.262569
0 0.603138 0.463561 0.0455536 0.160756 0.341461
