0 0.184328 0.116709 0.115963 0.169899 0.745482
0 0.74068 0.205383 0.0819765 0.232026 0.841483
0 0.496276 0.0973954 0.0971439 0.191828 0.792908
0 0.103576 0.536922 0.0941073 0.292597 0.732972
0 0.534144 0.336469 0.110127 0.221166 0.718811
0 0.670529 0.0539762 0.0697777 0.106903 0.26272
0 0.27309 0.0512095 0.087179 0.102419 0.540736
0 0.980768 0.524209 0.0384637 0.252443 0.505753
0 0.0602133 0.886551 0.1096 0.177063 0.322957
0 0.329965 0.649632 0.0696748 0.268875 0.411472
0 0.798023 0.098005 0.0752994 0.179313 0.699151
0 0.354573 0.0818767 0.0652204 0.163753 0.590389
0 0.526816 0.374925 0.052059 0.140459 0.330713
0 0.664988 0.615931 0.035619 0.0949837 0.468197
0 0.451796 0.0664166 0.070685 0.132833 0.534298
0 0.699772 0.648785 0.105397 0.310861 0.846212
0 0.805394 0.485817 0.0828456 0.230006 0.833937
0 0.565024 0.633003 0.101184 0.312865 0.799708
0 0.622247 0.353648 0.107681 0.325752 0.788827
0 0.645838 0.10016 0.0912033 0.198012 0.527317
0 0.821902 0.943746 0.0811336 0.112507 0.359932
0 0.821695 0.911132 0.0928783 0.177736 0.338605
0 0.822554 0.823489 0.0934942 0.234684 0.328831
0 0.753211 0.131361 0.0518263 0.146707 0.282586
0 0.501183 0.772215 0.0880404 0.245865 0.908191
0 0.171915 0.788372 0.11108 0.28105 0.842843
0 0.353385 0.0364238 0.072357 0.0728476 0.481473
