0 0.650069 0.904465 0.100462 0.191069 0.419027
0 0.783309 0.9609 0.0561098 0.0782002 0.283268
0 0.292129 0.49775 0.0985616 0.296356 0.824304
0 0.882269 0.497215 0.105304 0.270928 0.817739
0 0.83912 0.153853 0.119022 0.307705 0.630192
0 0.397893 0.18838 0.116417 0.333824 0.585747
0 0.709657 0.875529 0.120661 0.224986 0.294621
0 0.113209 0.376785 0.0741454 0.279451 0.834008
0 0.813597 0.565536 0.0664919 0.165221 0.571865
0 0.236051 0.0342644 0.0560059 0.0684696 0.330533
0 0.782495 0.644126 0.0681936 0.189708 0.792739
