0 0.963676 0.349103 0.0717006 0.296759 0.412511
0 0.0494211 0.946286 0.0624617 0.107427 0.744932
0 0.908512 0.147867 0.0827025 0.235651 0.797764
0 0.227803 0.880407 0.156712 0.239187 0.528525
0 0.220892 0.9084 0.13827 0.1832 0.259502
0 0.346957 0.597797 0.131084 0.316022 0.410306
0 0.692999 0.653989 0.0546737 0.069506 0.55898
0 0.952021 0.636998 0.0959585 0.252391 0.875587
0 0.744267 0.413148 0.0989626 0.262849 0.855806
0 0.919487 0.252092 0.0975422 0.248829 0.742714
0 0.234366 0.713439 0.0941461 0.186376 0.888617
0 0.762709 0.0313691 0.0588549 0.0627381 0.336218
0 0.192562 0.398504 0.104782 0.235234 0.786127
0 0.0172476 0.774508 0.0344953 0.162963 0.650908
0 0.839753 0.753335 0.129778 0.337014 0.739128
0 0.611269 0.312612 0.116557 0.317727 0.709926
0 0.609872 0.253605 0.104595 0.192729 0.331497
0 0.0849091 0.647973 0.128344 0.402008 0.609393
0 0.0724543 0.742581 0.131778 0.458301 0.481336
0 0.0582983 0.779175 0.11419 0.430822 0.429891
0 0.099507 0.566133 0.140812 0.425172 0.38826
