0 0.192534 0.869479 0.109298 0.250315 0.768312
0 0.0953206 0.481142 0.115475 0.254526 0.743073
0 0.250679 0.597169 0.118177 0.225323 0.286004
0 0.392465 0.715827 0.112588 0.32809 0.283611
0 0.376182 0.579479 0.0437596 0.140688 0.352337
0 0.713418 0.300452 0.0527849 0.124541 0.741035
0 0.229737 0.437164 0.0900113 0.260356 0.62689
0 0.697338 0.641334 0.0973981 0.324081 0.812251
0 0.316247 0.148298 0.103524 0.256216 0.666937
0 0.0699259 0.85491 0.105637 0.29018 0.492903
0 0.857023 0.491811 0.1011 0.296794 0.445076
0 0.239609 0.847364 0.0951362 0.211694 0.777102
0 0.855693 0.0901308 0.164002 0.180262 0.538908
0 0.568703 0.467474 0.0680183 0.204357 0.298814
