0 0.736278 0.670605 0.0582588 0.149499 0.703295
0 0.281844 0.172171 0.0610072 0.152381 0.298955
0 0.364307 0.138718 0.0983566 0.277436 0.362736
0 0.861411 0.276244 0.0860378 0.264613 0.900402
0 0.326607 0.0763239 0.0506675 0.135311 0.365665
0 0.0608808 0.89926 0.0800732 0.20148 0.656227
0 0.556542 0.0236736 0.0579759 0.0473472 0.360318
0 0.491155 0.644684 0.103147 0.258707 0.706625
0 0.748663 0.815772 0.125898 0.335854 0.85954
0 0.912623 0.787792 0.109897 0.31537 0.833402
0 0.719886 0.432759 0.102819 0.292528 0.796294
0 0.124095 0.828993 0.0926961 0.236036 0.767901
0 0.135995 0.12473 0.100003 0.228878 0.75286
0 0.290409 0.179393 0.130211 0.233341 0.291758
