0 0.767794 0.950557 0.127631 0.0988861 0.303409
0 0.146561 0.122012 0.172788 0.244024 0.412568
0 0.0895415 0.89772 0.105164 0.204561 0.805275
0 0.456607 0.598342 0.0522011 0.103363 0.469376
0 0.0305597 0.899849 0.0599007 0.186878 0.346053
0 0.828188 0.565123 0.0994179 0.359805 0.352346
0 0.112613 0.700616 0.0920106 0.232655 0.491884
0 0.408187 0.311629 0.111619 0.26599 0.845676
0 0.60124 0.185862 0.103489 0.254695 0.79293
0 0.49745 0.602021 0.0901793 0.190598 0.712203
0 0.612791 0.862339 0.0931923 0.266122 0.690463
0 0.11359 0.253262 0.102375 0.209965 0.613586
0 0.680532 0.573376 0.0965555 0.224181 0.344487
0 0.365258 0.934096 0.10429 0.131808 0.305267
0 0.404277 0.68915 0.0963621 0.280306 0.764489
0 0.436522 0.210078 0.106575 0.224936 0.69564
0 0.129802 0.0824664 0.131084 0.163133 0.603949
0 0.231621 0.632286 0.107929 0.266547 0.331354
0 0.240646 0.262364 0.0850493 0.103924 0.321148
0 0.233671 0.394435 0.0854548 0.21812 0.846168
0 0.25299 0.227424 0.101616 0.206689 0.562513
0 0.748705 0.541027 0.074546 0.198915 0.845485
0 0.510611 0.347396 0.057685 0.170467 0.540085
