0 0.890318 0.0379337 0.0632722 0.0758674 0.47541
0 0.225116 0.252018 0.0731096 0.227829 0.285417
0 0.054336 0.880748 0.0917944 0.146624 0.569172
0 0.178844 0.766255 0.071096 0.170859 0.738971
0 0.890756 0.234087 0.0958109 0.253732 0.850941
0 0.88279 0.915961 0.109497 0.168078 0.526691
0 0.858451 0.613064 0.0906704 0.173309 0.471584
0 0.722089 0.934507 0.0890538 0.130986 0.405434
0 0.545662 0.122274 0.0876576 0.244548 0.810342
0 0.332465 0.129081 0.123353 0.258162 0.771439
0 0.0325983 0.225919 0.0651062 0.341563 0.748974
0 0.450099 0.724937 0.122772 0.319431 0.715853
0 0.572778 0.490696 0.107816 0.170106 0.695817
0 0.143089 0.905568 0.111757 0.104043 0.293634
0 0.43268 0.340346 0.162017 0.354811 0.678238
0 0.761373 0.0243604 0.0710465 0.0487209 0.425686
0 0.40968 0.459654 0.0769964 0.181276 0.275785
0 0.65751 0.713267 0.0674275 0.222251 0.491084
