0 0.389028 0.629665 0.0503449 0.130593 0.7052
0 0.37723 0.82544 0.127481 0.34912 0.681461
0 0.14469 0.878062 0.0745959 0.235519 0.66725
0 0.283953 0.691946 0.12596 0.395062 0.561507
0 0.37321 0.293604 0.138614 0.378924 0.534855
0 0.0359817 0.482099 0.0689881 0.173395 0.278934
0 0.189708 0.0928311 0.102671 0.185662 0.326768
0 0.111982 0.0287219 0.0659272 0.0574439 0.443009
0 0.106622 0.788674 0.106606 0.157416 0.262352
0 0.150068 0.931334 0.055632 0.137332 0.452083
0 0.86153 0.0258163 0.0642262 0.0516327 0.254086
0 0.721268 0.454583 0.132947 0.340981 0.707197
0 0.921282 0.0450206 0.0746925 0.0895907 0.322527
0 0.464228 0.772884 0.0378788 0.109889 0.260934
0 0.328013 0.637368 0.0624387 0.156103 0.32632
0 0.573588 0.617133 0.109147 0.191177 0.685455
0 0.19661 0.971013 0.0573658 0.0579742 0.493187
0 0.355129 0.124446 0.129594 0.248893 0.848161
