0 0.970468 0.695711 0.0314636 0.0677679 0.415191
0 0.240251 0.15143 0.0825584 0.255069 0.748392
0 0.778298 0.239927 0.0716464 0.165942 0.294521
0 0.653339 0.499179 0.054166 0.129245 0.404777
0 0.949105 0.577011 0.101706 0.283277 0.872775
0 0.796359 0.929037 0.0898271 0.141926 0.610608
0 0.555295 0.338144 0.0603649 0.151524 0.368301
0 0.490095 0.748262 0.0790283 0.237536 0.90138
0 0.10798 0.532396 0.0739756 0.242231 0.866034
0 0.856625 0.106068 0.074299 0.208103 0.721405
0 0.917317 0.0442576 0.0739521 0.0876912 0.593592
0 0.212882 0.818284 0.115629 0.297724 0.289064
0 0.282479 0.372131 0.0361708 0.0942976 0.291822
0 0.780047 0.356935 0.0649098 0.169436 0.418103
0 0.122573 0.497485 0.0917778 0.269986 0.77797
0 0.234307 0.085149 0.112611 0.168561 0.372834
0 0.861282 0.037023 0.0688995 0.0740461 0.257937
0 0.506003 0.885244 0.081461 0.226582 0.876187
0 0.14166 0.452448 0.0682083 0.183407 0.529234
