0 0.910899 0.61124 0.0958652 0.216259 0.29185
0 0.0912403 0.0289723 0.0955578 0.0579446 0.316561
0 0.0583309 0.0382469 0.0627077 0.0764938 0.716498
0 0.150968 0.551184 0.100761 0.274522 0.871874
0 0.143319 0.928593 0.0777007 0.142814 0.636908
0 0.382436 0.825806 0.1226 0.234349 0.591946
0 0.160276 0.950395 0.0564774 0.0992107 0.317143
0 0.863763 0.893181 0.104834 0.213639 0.625146
0 0.514491 0.204326 0.1218 0.265751 0.607501
0 0.906824 0.377172 0.0938473 0.307597 0.336514
0 0.42938 0.63044 0.103333 0.241999 0.336325
0 0.585362 0.349635 0.0878773 0.29051 0.87418
0 0.5251 0.602829 0.0883299 0.245058 0.806512
0 0.925059 0.659475 0.107681 0.25515 0.74442
0 0.486868 0.228258 0.116569 0.345738 0.716447
0 0.383886 0.792222 0.121782 0.283643 0.660973
0 0.617563 0.112345 0.108649 0.220888 0.530483
0 0.754286 0.800052 0.095693 0.255182 0.419444
0 0.300905 0.118814 0.0910699 0.112051 0.418694
0 0.976282 0.908123 0.046558 0.183755 0.342382
0 0.728618 0.185471 0.0908262 0.360393 0.33634
0 0.207885 0.387074 0.109528 0.180952 0.724104
0 0.380476 0.146354 0.121876 0.292707 0.374899
0 0.395721 0.024455 0.0709033 0.0489101 0.354772
0 0.600872 0.0308473 0.106279 0.0616946 0.342298
0 0.860903 0.0404006 0.0700462 0.0808012 0.395725
0 0.187484 0.755176 0.180426 0.380415 0.468121
0 0.155358 0.741662 0.112525 0.359787 0.405448
0 0.0729969 0.909559 0.145994 0.180882 0.358439
0 0.155866 0.109816 0.064519 0.210363 0.293115
0 0.53351 0.906825 0.0755295 0.186349 0.596422
0 0.0540532 0.287188 0.0391628 0.106285 0.292133
