0 0.627041 0.452477 0.10907 0.320422 0.88514
0 0.404177 0.536461 0.0806292 0.312935 0.827973
0 0.963898 0.848729 0.0713659 0.29485 0.811114
0 0.814203 0.893741 0.0804669 0.212518 0.685295
0 0.616861 0.10864 0.098022 0.213781 0.650603
0 0.779862 0.23575 0.109591 0.324998 0.62835
0 0.0748513 0.48678 0.101705 0.374045 0.609262
0 0.271312 0.907009 0.0927978 0.185982 0.454283
0 0.372878 0.125174 0.0980837 0.243459 0.342675
0 0.0775316 0.150336 0.121017 0.300673 0.325817
0 0.395977 0.122555 0.143154 0.239515 0.318741
0 0.292892 0.0347263 0.0616821 0.0694527 0.252721
0 0.132497 0.117981 0.105725 0.235962 0.804681
0 0.799014 0.216305 0.0885134 0.223634 0.819211
0 0.492223 0.554831 0.0827352 0.230152 0.512627
0 0.352739 0.349268 0.0634339 0.160833 0.403738
0 0.889464 0.304823 0.0714813 0.204157 0.374555
0 0.0149017 0.0367332 0.0298033 0.0734664 0.28579
0 0.747344 0.530734 0.120238 0.301182 0.701753
0 0.568857 0.554894 0.117285 0.343904 0.645591
0 0.0981261 0.303159 0.0975019 0.261139 0.738159
0 0.933447 0.865233 0.0963547 0.265007 0.5974
0 0.796696 0.860166 0.106427 0.279667 0.884846
