0 0.475561 0.885959 0.105603 0.228082 0.86386
0 0.803841 0.28437 0.121612 0.248212 0.311931
0 0.28033 0.456935 0.0663893 0.201245 0.682386
0 0.353752 0.339598 0.0454046 0.149856 0.321801
0 0.0929134 0.856892 0.0849321 0.19723 0.665567
0 0.43826 0.264784 0.0429703 0.127144 0.380999
0 0.823632 0.562081 0.136585 0.320414 0.303366
0 0.657954 0.123244 0.0790716 0.244808 0.821034
0 0.462234 0.252628 0.0940531 0.28076 0.805451
0 0.567326 0.734861 0.10377 0.232094 0.758268
0 0.930478 0.589325 0.129804 0.221549 0.693689
0 0.64176 0.382634 0.105424 0.242914 0.679881
0 0.841843 0.932084 0.101797 0.135831 0.629004
0 0.843989 0.166962 0.122065 0.285485 0.385886
0 0.158543 0.374243 0.0607347 0.13465 0.345753
