0 0.477776 0.585614 0.115495 0.290862 0.846156
0 0.896667 0.125382 0.0692925 0.226773 0.257104
0 0.931305 0.0281591 0.0626599 0.0563182 0.462661
0 0.451992 0.903243 0.0606642 0.188083 0.2807
0 0.323378 0.0321999 0.0808905 0.0643999 0.310746
0 0.0521713 0.141727 0.103214 0.280213 0.772974
0 0.158071 0.30501 0.0663839 0.145827 0.409045
0 0.802626 0.473145 0.120756 0.296038 0.807929
0 0.496503 0.869434 0.144463 0.259369 0.514468
0 0.183791 0.621313 0.145131 0.41611 0.464364
0 0.645604 0.156762 0.143138 0.313523 0.351208
0 0.0617511 0.811123 0.11841 0.235999 0.828972
0 0.83792 0.590718 0.0512562 0.165369 0.305573
0 0.0190905 0.412479 0.038181 0.202724 0.261868
0 0.670788 0.590308 0.0859026 0.25487 0.898837
0 0.420937 0.747397 0.104685 0.296514 0.837508
0 0.2718 0.507831 0.0915306 0.196301 0.826026
0 0.721198 0.303039 0.10445 0.25889 0.669103
0 0.338294 0.304302 0.103804 0.197834 0.458265
0 0.557543 0.434017 0.0922092 0.240161 0.90908
